$coord
         10.268195800429          2.391192964614          1.036541245656     c 
          9.224230256275          1.348002705048         -1.421186201097     c 
          6.626724252345          0.638327857750         -1.103159266905     o 
          6.210308893759         -1.753783184156         -0.219805316218     c 
          7.910013806287         -3.251969293978          0.262879311830     o 
          3.512858847265         -2.330319232504          0.116940274685     c 
          1.403655555341         -0.914486559154         -0.559492411730     c 
          1.086154961339          1.461189591054         -1.977667294488     c 
          0.105904444576          3.306464012189         -0.230117533534     n 
         -2.361966933829          3.258895693236          0.639216695915     c 
         -3.282797221501          5.002891789682          1.869738099665     o 
         -4.016128797154          1.031961367254          0.089278439815     c 
         -3.249169508444         -1.524685743735          0.091777873750     c 
         -0.672475487323         -2.250176811194          0.289682307014     n 
          0.247166850930         -4.478081526676          1.253271156559     c 
          2.721696091570         -4.576768954986          1.199606984092     n 
         -5.083840119587         -3.447087186725         -0.111203298337     c 
         -7.636643576281         -2.837989952288         -0.369828617901     c 
         -8.370753041382         -0.324107069728         -0.399735733293     c 
         -6.602628103572          1.597681250099         -0.158014311854     c 
        -10.821489681997          0.254423037766         -0.641930441356     f 
          1.752472667141          5.399626538735          0.444261756017     c 
          9.110362811478          3.970841956432          1.704474999406     h 
         12.212094183936          3.047111848714          0.787520317276     h 
         10.241202154394          0.954679083421          2.524466942824     h 
          9.271315536027          2.820554569804         -2.874114832311     h 
         10.363515407161         -0.231970545257         -2.124603986164     h 
         -0.267126882990          1.212285627385         -3.528453400121     h 
          2.825484743910          2.155443306953         -2.843376880763     h 
         -0.947371604608         -5.937999876582          2.041855649621     h 
         -4.576839531409         -5.439494668687         -0.148371874266     h 
         -9.056161338961         -4.309454771918         -0.553928988868     h 
         -7.263806112819          3.544320759384         -0.116771544316     h 
          3.530239815200          4.644635127101          1.181165705060     h 
          0.906331068871          6.618619805073          1.880862506985     h 
          2.125568259777          6.521079619381         -1.251918512212     h 
$end
