           2           1   1.2578825752505660     
           3           1   8.4028110278817930E-002
           3           2   1.5015283465165663     
           4           1   3.4641209014144254E-002
           4           2   5.6689089117526695E-002
           4           3   1.1580043909420450     
           5           1   1.1853976519853609E-002
           5           2   1.7478246292001537E-002
           5           3   5.2381562446329761E-003
           5           4   1.0529327024749220     
           6           1   3.9184687903020057E-003
           6           2   5.6603650122265441E-003
           6           3   5.2428243755739644E-003
           6           4   1.4407592046809187E-002
           6           5   1.1677715687732984     
           7           4   1.4546043145712163E-002
           7           5   3.5930627104879855E-003
           7           6  0.96590404588722867     
           8           5   1.0665338861497477E-002
           8           6   5.9891708044256808E-003
           8           7   1.0269517641733468     
           9           1   5.0611939670580927E-003
           9           2   1.1992055272145389E-002
           9           3   1.6946145676083664E-002
           9           4   4.5330202329477286E-002
           9           5   1.5947543466288667     
           9           6  0.17820181313722794     
           9           7   4.9249023449321342E-003
          10           1   1.1846226850267174     
          10           2   4.4179164971065429E-002
          10           3   4.8296555090160134E-002
          10           4   1.4833567121831335     
          10           5   1.6046905591744008E-002
          10           6   2.9274446023430985E-002
          10           9   3.3717355700501724E-002
          11           1   4.8664328002906545E-003
          11           2   9.4510249171067210E-003
          11           3   1.0610869337703364E-002
          11           4   6.6297028530390642E-003
          11           9   2.9402700015712211E-003
          11          10   1.0121029842338538     
          12           1   5.1339262682862227E-003
          12           2   2.5134699736101989E-003
          12           4   1.5670502332484182E-002
          12          10   1.1269697038403434E-002
          12          11  0.92908428704725698     
          13          10   2.9013020738918659E-003
          13          11   1.0536154957397672E-002
          13          12  0.95202560323577079     
          14           1   3.3767027291451385E-003
          14          10   5.9545706826635405E-003
          14          11   1.0951997336641737E-002
          14          12   1.2101622269098886     
          14          13   1.0029158056217536E-002
          15          10   4.2145836819542275E-003
          15          11   1.3202671152912642E-002
          15          12  0.16745046878053457     
          15          13   4.3370513523738564E-003
          15          14   1.5835976822241045     
          16           1   9.5907662720562444E-003
          16           2   1.9790473443757419E-002
          16           3   5.7219517230020639E-003
          16           4   2.6478358540144332E-003
          16          10   1.1128113860374831E-002
          16          12   1.0685356840718837E-002
          16          13   1.3933337979301297E-002
          16          14   1.0011582291216472     
          16          15   4.1318642736419567E-002
          17           1   9.3965103661232015E-003
          17          12   1.5357245337074887E-002
          17          14   7.4140254768064089E-003
          17          15   1.9284253853022938E-002
          17          16   1.3882498880730876     
          18           1   2.4220987053608957E-003
          18           2   6.2520667878090165E-003
          18           3   2.5870041498055447E-003
          18          10   4.5392836543608605E-003
          18          14   1.0354055783861381E-002
          18          16   5.1288660017156104E-003
          18          17   1.4011740589999424     
          19          16   1.0586761932328673E-002
          19          17   4.7076310473742125E-002
          19          18  0.95786075096682344     
          20           1   1.0690686381619522E-002
          20          12   5.1927617097673982E-003
          20          14   2.4174299411896471E-003
          20          15   8.7006604915056632E-003
          20          16   9.8195979829205721E-002
          20          17   6.8391067938230899E-003
          20          18   1.3759892973179486     
          20          19   4.3840511122982644E-002
          21           1   8.5004729774066784E-003
          21           2   1.6559834973223594E-002
          21           3   5.3145544991245307E-003
          21           4   3.1907943810752402E-003
          21          10   1.7119365946112398E-002
          21          14   9.7997347950864420E-003
          21          16   3.6238168192919830E-003
          21          17  0.10744777625000525     
          21          18   5.0150863319906583E-003
          21          19   1.0982405429949601E-002
          21          20   1.4529469325987283     
          22           1   1.0037102746795246     
          22           2   1.0159365125170565E-002
          22           3   1.0894339159741912E-002
          22           4   8.3121965927915702E-003
          22          10   1.1039563840257364E-002
          22          12   1.0760700270909525E-002
          22          14   8.6591449667136854E-003
          22          15   2.4121202620228831E-002
          22          16   1.3426135520526663     
          22          17   5.5214527926094664E-003
          22          18   8.4170942410478539E-002
          22          19   1.6284060435819953E-002
          22          20   3.7647872390319096E-003
          22          21   1.3771960628242061     
          23           2  0.96609290348115606     
          23           3   4.0907885727561278E-003
          23           4   1.2986515176207639E-002
          23          10   9.0645948445806299E-003
          24           5   2.1538056232503393E-003
          24           6   9.6443133122666412E-003
          24           7  0.97349972882675573     
          24           9   7.4827022527650085E-003
          25           5   2.1525887155400669E-003
          25           6   9.7243622141963311E-003
          25           7  0.97348706902841353     
          25           9   7.5249174953198614E-003
          26           6   1.1383224475507653E-002
          26           8  0.97940644447078817     
          27           6   2.1962911768043732E-003
          27           8  0.97909061640138217     
          27          24   1.0863188315817203E-002
          28           6   2.2131774254582912E-003
          28           8  0.97908928572474463     
          28          25   1.0861591422205205E-002
          29           1   9.0940280584927962E-003
          29           9   2.1118098887568864E-002
          29          11  0.96765731756250839     
          29          14   6.8136911032852998E-003
          30           1   2.2768087695052728E-003
          30           4   1.1095906056292831E-002
          30          11  0.95674431851536790     
          30          12   2.1607064520960742E-003
          30          13   3.7341395235950705E-003
          30          15   2.5412077674657686E-003
          31          11   8.6520110761265524E-003
          31          13  0.97785402922231457     
          31          15   1.6658407712929559E-002
          32          12   3.4708939120819543E-003
          32          13  0.97851664349500012     
          32          14   7.0987268626784214E-003
          32          15   3.2030097828826122E-003
          33          12   2.6064722459149393E-003
          33          13  0.98020320382485726     
          33          14   7.8858570831389797E-003
          33          15   2.7838580408441191E-003
          34          15   1.2101846405654202E-002
          34          17  0.96433927676487818     
          34          19   3.6095162977533473E-003
          34          20   9.1496755468263493E-003
          34          22   9.0749297639465040E-003
          35          17   9.3020516839864998E-003
          35          19   3.4362612303936225E-003
          35          20  0.96928760321670338     
          35          22   1.0268247362109675E-002
          36          16   8.8260402539846513E-003
          36          18   9.8550538307446665E-003
          36          21  0.96878716304627888     
